"id_pasa","id_clim","lon","lat","altitude_fr_1km","rr01_61_90","rr02_61_90","rr03_61_90","rr04_61_90","rr05_61_90","rr06_61_90","rr07_61_90","rr08_61_90","rr09_61_90","rr10_61_90","rr11_61_90","rr12_61_90","tn01_61_90","tn02_61_90","tn03_61_90","tn04_61_90","tn05_61_90","tn06_61_90","tn07_61_90","tn08_61_90","tn09_61_90","tn10_61_90","tn11_61_90","tn12_61_90","tx01_61_90","tx02_61_90","tx03_61_90","tx04_61_90","tx05_61_90","tx06_61_90","tx07_61_90","tx08_61_90","tx09_61_90","tx10_61_90","tx11_61_90","tx12_61_90","classesph","mat1"
1,773220,"7.299","43.695","182.1","64.4","54.5","36.9","35.6","52.3","28.0","14.2","14.9","73.4","88.4","65.6","46.3","4.9","5.5","6.6","9.5","12.7","15.8","19.4","19.3","16.3","12.7","8.2","5.4","11.0","12.1","13.4","16.5","20.0","23.2","27.1","26.6","23.5","19.4","14.9","11.9",NULL,NULL
1,651366,"5.418","43.344","135.7","66.9","58.9","41.3","42.4","58.3","32.4","14.9","17.2","73.3","87.7","67.7","52.9","4.2","4.9","6.2","9.1","12.2","15.5","18.7","18.7","15.5","11.6","7.5","4.8","10.6","12.1","14.1","17.3","20.7","23.9","27.8","27.8","24.4","19.5","14.5","11.3",5,213
1,773934,"7.326","43.686","97.3","66.9","57.8","38.3","37.1","53.3","29.7","15.0","15.3","74.4","90.5","67.3","48.5","5.8","6.5","7.4","10.3","13.4","16.3","20.2","20.1","17.3","13.6","9.0","6.4","12.0","12.9","14.1","16.9","20.2","23.6","27.2","26.7","23.8","20.1","15.9","13.0",NULL,NULL
1,773936,"7.326","43.704","42.5","66.8","57.8","38.1","36.7","52.4","29.1","14.3","14.6","73.8","89.9","67.1","48.4","5.9","6.6","7.6","10.5","13.6","16.5","20.3","20.2","17.4","13.6","9.1","6.4","12.1","13.1","14.5","17.4","20.7","24.0","27.6","27.1","24.2","20.4","16.1","13.1",NULL,NULL
1,775598,"7.389","43.749","450.0","71.7","62.7","42.9","43.1","63.2","38.9","24.4","22.7","81.8","98.9","72.4","53.5","3.2","3.8","5.0","8.0","11.3","14.3","18.0","17.8","14.9","11.1","6.5","3.8","9.3","10.2","12.0","15.0","18.6","21.9","25.6","25.2","22.1","17.8","13.2","10.1",6,210
1,777697,"7.47","43.758","72.7","72.1","64.2","41.8","40.9","57.6","35.2","19.4","18.1","78.3","96.3","71.6","53.3","6.0","6.7","7.6","10.5","13.7","16.4","20.4","20.3","17.6","13.7","9.0","6.5","12.3","13.0","14.6","17.2","20.4","23.8","27.1","26.7","23.9","20.4","16.4","13.3",NULL,NULL
1,777927,"7.479","43.749","0.0","65.5","56.2","36.7","34.9","50.1","27.1","12.7","13.2","72.4","88.3","65.9","46.7","4.5","5.3","6.8","9.9","13.3","16.3","19.9","19.7","16.4","12.3","7.8","5.1","11.1","12.5","14.9","18.2","21.9","25.1","28.6","28.5","24.9","20.3","15.2","11.8",NULL,NULL
1,777928,"7.479","43.758","14.6","67.5","58.6","38.2","36.7","52.2","29.5","14.7","14.6","74.1","90.6","67.6","48.7","6.1","6.8","7.8","10.7","13.8","16.7","20.6","20.5","17.6","13.8","9.2","6.6","12.3","13.3","14.7","17.5","20.8","24.2","27.6","27.2","24.3","20.6","16.4","13.3",NULL,NULL
1,691064,"5.922","43.146","218.6","71.4","64.2","44.3","45.7","63.6","36.5","18.9","19.8","78.7","94.9","71.4","56.3","4.5","5.3","6.3","9.2","12.4","15.4","19.0","19.0","16.0","12.1","7.7","5.1","11.0","12.1","13.9","16.8","20.1","23.4","27.1","26.9","23.8","19.5","14.9","11.8",6,210
1,691771,"5.931","43.074","47.4","59.2","49.6","34.8","34.4","49.3","20.9","5.8","10.2","67.6","80.0","60.8","44.1","6.5","7.2","7.9","10.6","13.4","16.8","20.2","20.1","17.3","14.0","9.9","6.9","12.5","13.7","14.2","17.2","20.4","23.6","27.9","27.3","24.5","20.5","16.1","13.5",NULL,NULL
1,692485,"5.94","43.137","130.6","68.1","60.3","41.5","42.3","59.0","31.8","14.8","16.7","75.2","90.5","68.3","52.9","5.0","5.7","6.8","9.7","12.8","15.9","19.4","19.4","16.4","12.6","8.2","5.5","11.4","12.7","14.3","17.3","20.6","23.9","27.7","27.5","24.3","20.0","15.3","12.2",NULL,NULL
1,693194,"5.949","43.11","29.6","68.2","60.7","41.2","41.7","57.5","30.6","13.2","15.3","74.3","89.8","68.1","52.8","6.6","7.3","8.1","10.8","13.7","16.7","20.5","20.5","17.8","14.1","9.8","7.1","13.0","13.9","14.9","17.5","20.5","23.9","27.7","27.3","24.5","20.9","16.8","14.0",NULL,NULL
1,693197,"5.949","43.137","246.7","68.5","60.5","42.2","43.3","61.2","33.5","16.8","18.4","76.8","92.0","69.0","53.4","4.4","5.1","6.2","9.1","12.1","15.3","18.8","18.7","15.8","12.0","7.7","5.0","10.8","11.9","13.5","16.6","19.9","23.2","27.1","26.8","23.7","19.2","14.6","11.5",NULL,NULL
1,694617,"5.967","43.137","136.7","69.3","61.9","42.5","43.5","60.4","33.4","16.0","17.6","76.3","92.0","69.4","54.1","4.7","5.4","6.6","9.5","12.7","15.8","19.3","19.2","16.2","12.3","7.9","5.3","11.2","12.5","14.4","17.4","20.7","24.1","27.8","27.6","24.4","19.9","15.2","12.0",6,610
1,707816,"6.138","43.047","-2.0","58.3","48.6","33.8","33.0","47.5","19.0","4.3","8.8","66.7","79.0","59.8","42.8","6.0","6.7","7.7","10.5","13.5","16.9","20.2","20.1","17.1","13.6","9.4","6.5","12.2","13.6","14.6","17.9","21.2","24.4","28.7","28.2","25.0","20.7","15.9","13.1",3,731
1,715143,"6.237","43.128","5.9","59.9","50.4","34.8","34.1","48.8","21.0","6.1","10.0","68.0","80.9","61.2","44.2","5.4","6.2","7.3","10.2","13.3","16.6","20.0","19.9","16.7","13.1","8.9","6.0","11.8","13.3","14.7","18.0","21.5","24.7","28.7","28.4","25.1","20.5","15.6","12.6",6,610
1,753083,"6.777","43.425","55.0","57.7","47.0","32.4","30.8","45.5","19.1","5.9","9.3","66.7","79.3","59.6","40.7","5.4","6.1","7.1","10.0","13.1","16.5","19.9","19.7","16.6","13.1","8.9","5.9","11.5","12.9","14.0","17.4","20.9","24.1","28.2","27.7","24.5","20.0","15.2","12.4",6,610
1,755196,"6.813","43.416","8.9","57.7","47.0","32.1","30.4","44.7","18.5","5.1","8.6","66.3","79.0","59.4","40.6","6.7","7.4","8.1","10.9","13.7","17.1","20.6","20.5","17.6","14.3","10.1","7.1","12.6","13.7","14.2","17.3","20.6","23.8","27.9","27.2","24.4","20.6","16.3","13.7",NULL,NULL
1,777928,"7.479","43.758","14.6","67.5","58.6","38.2","36.7","52.2","29.5","14.7","14.6","74.1","90.6","67.6","48.7","6.1","6.8","7.8","10.7","13.8","16.7","20.6","20.5","17.6","13.8","9.2","6.6","12.3","13.3","14.7","17.5","20.8","24.2","27.6","27.2","24.3","20.6","16.4","13.3",NULL,NULL
1,777927,"7.479","43.749","0.0","65.5","56.2","36.7","34.9","50.1","27.1","12.7","13.2","72.4","88.3","65.9","46.7","4.5","5.3","6.8","9.9","13.3","16.3","19.9","19.7","16.4","12.3","7.8","5.1","11.1","12.5","14.9","18.2","21.9","25.1","28.6","28.5","24.9","20.3","15.2","11.8",NULL,NULL
1,777697,"7.47","43.758","72.7","72.1","64.2","41.8","40.9","57.6","35.2","19.4","18.1","78.3","96.3","71.6","53.3","6.0","6.7","7.6","10.5","13.7","16.4","20.4","20.3","17.6","13.7","9.0","6.5","12.3","13.0","14.6","17.2","20.4","23.8","27.1","26.7","23.9","20.4","16.4","13.3",NULL,NULL
1,775598,"7.389","43.749","450.0","71.7","62.7","42.9","43.1","63.2","38.9","24.4","22.7","81.8","98.9","72.4","53.5","3.2","3.8","5.0","8.0","11.3","14.3","18.0","17.8","14.9","11.1","6.5","3.8","9.3","10.2","12.0","15.0","18.6","21.9","25.6","25.2","22.1","17.8","13.2","10.1",6,210
1,773936,"7.326","43.704","42.5","66.8","57.8","38.1","36.7","52.4","29.1","14.3","14.6","73.8","89.9","67.1","48.4","5.9","6.6","7.6","10.5","13.6","16.5","20.3","20.2","17.4","13.6","9.1","6.4","12.1","13.1","14.5","17.4","20.7","24.0","27.6","27.1","24.2","20.4","16.1","13.1",NULL,NULL
1,773934,"7.326","43.686","97.3","66.9","57.8","38.3","37.1","53.3","29.7","15.0","15.3","74.4","90.5","67.3","48.5","5.8","6.5","7.4","10.3","13.4","16.3","20.2","20.1","17.3","13.6","9.0","6.4","12.0","12.9","14.1","16.9","20.2","23.6","27.2","26.7","23.8","20.1","15.9","13.0",NULL,NULL
1,773220,"7.299","43.695","182.1","64.4","54.5","36.9","35.6","52.3","28.0","14.2","14.9","73.4","88.4","65.6","46.3","4.9","5.5","6.6","9.5","12.7","15.8","19.4","19.3","16.3","12.7","8.2","5.4","11.0","12.1","13.4","16.5","20.0","23.2","27.1","26.6","23.5","19.4","14.9","11.9",NULL,NULL
1,755196,"6.813","43.416","8.9","57.7","47.0","32.1","30.4","44.7","18.5","5.1","8.6","66.3","79.0","59.4","40.6","6.7","7.4","8.1","10.9","13.7","17.1","20.6","20.5","17.6","14.3","10.1","7.1","12.6","13.7","14.2","17.3","20.6","23.8","27.9","27.2","24.4","20.6","16.3","13.7",NULL,NULL
1,753083,"6.777","43.425","55.0","57.7","47.0","32.4","30.8","45.5","19.1","5.9","9.3","66.7","79.3","59.6","40.7","5.4","6.1","7.1","10.0","13.1","16.5","19.9","19.7","16.6","13.1","8.9","5.9","11.5","12.9","14.0","17.4","20.9","24.1","28.2","27.7","24.5","20.0","15.2","12.4",6,610
1,715143,"6.237","43.128","5.9","59.9","50.4","34.8","34.1","48.8","21.0","6.1","10.0","68.0","80.9","61.2","44.2","5.4","6.2","7.3","10.2","13.3","16.6","20.0","19.9","16.7","13.1","8.9","6.0","11.8","13.3","14.7","18.0","21.5","24.7","28.7","28.4","25.1","20.5","15.6","12.6",6,610
1,707816,"6.138","43.047","-2.0","58.3","48.6","33.8","33.0","47.5","19.0","4.3","8.8","66.7","79.0","59.8","42.8","6.0","6.7","7.7","10.5","13.5","16.9","20.2","20.1","17.1","13.6","9.4","6.5","12.2","13.6","14.6","17.9","21.2","24.4","28.7","28.2","25.0","20.7","15.9","13.1",3,731
1,694617,"5.967","43.137","136.7","69.3","61.9","42.5","43.5","60.4","33.4","16.0","17.6","76.3","92.0","69.4","54.1","4.7","5.4","6.6","9.5","12.7","15.8","19.3","19.2","16.2","12.3","7.9","5.3","11.2","12.5","14.4","17.4","20.7","24.1","27.8","27.6","24.4","19.9","15.2","12.0",6,610
1,693197,"5.949","43.137","246.7","68.5","60.5","42.2","43.3","61.2","33.5","16.8","18.4","76.8","92.0","69.0","53.4","4.4","5.1","6.2","9.1","12.1","15.3","18.8","18.7","15.8","12.0","7.7","5.0","10.8","11.9","13.5","16.6","19.9","23.2","27.1","26.8","23.7","19.2","14.6","11.5",NULL,NULL
1,693194,"5.949","43.11","29.6","68.2","60.7","41.2","41.7","57.5","30.6","13.2","15.3","74.3","89.8","68.1","52.8","6.6","7.3","8.1","10.8","13.7","16.7","20.5","20.5","17.8","14.1","9.8","7.1","13.0","13.9","14.9","17.5","20.5","23.9","27.7","27.3","24.5","20.9","16.8","14.0",NULL,NULL
1,692485,"5.94","43.137","130.6","68.1","60.3","41.5","42.3","59.0","31.8","14.8","16.7","75.2","90.5","68.3","52.9","5.0","5.7","6.8","9.7","12.8","15.9","19.4","19.4","16.4","12.6","8.2","5.5","11.4","12.7","14.3","17.3","20.6","23.9","27.7","27.5","24.3","20.0","15.3","12.2",NULL,NULL
1,691771,"5.931","43.074","47.4","59.2","49.6","34.8","34.4","49.3","20.9","5.8","10.2","67.6","80.0","60.8","44.1","6.5","7.2","7.9","10.6","13.4","16.8","20.2","20.1","17.3","14.0","9.9","6.9","12.5","13.7","14.2","17.2","20.4","23.6","27.9","27.3","24.5","20.5","16.1","13.5",NULL,NULL
1,691064,"5.922","43.146","218.6","71.4","64.2","44.3","45.7","63.6","36.5","18.9","19.8","78.7","94.9","71.4","56.3","4.5","5.3","6.3","9.2","12.4","15.4","19.0","19.0","16.0","12.1","7.7","5.1","11.0","12.1","13.9","16.8","20.1","23.4","27.1","26.9","23.8","19.5","14.9","11.8",6,210
1,651366,"5.418","43.344","135.7","66.9","58.9","41.3","42.4","58.3","32.4","14.9","17.2","73.3","87.7","67.7","52.9","4.2","4.9","6.2","9.1","12.2","15.5","18.7","18.7","15.5","11.6","7.5","4.8","10.6","12.1","14.1","17.3","20.7","23.9","27.8","27.8","24.4","19.5","14.5","11.3",5,213
2324,64990,"-1.215","45.846","13.1","75.9","69.1","51.2","56.0","63.6","56.4","27.3","29.5","66.3","78.1","78.6","72.5","6.1","6.4","7.5","8.8","10.5","14.2","16.4","16.8","14.6","11.6","9.2","6.6","11.0","11.8","12.9","15.1","17.5","20.3","23.5","24.2","22.0","18.0","14.4","12.1",1,442
2324,65525,"-1.206","44.595","40.7","76.3","71.2","53.2","59.3","69.2","53.8","24.2","28.1","69.5","81.6","78.1","73.9","6.4","6.8","7.6","9.2","10.9","14.6","17.0","17.4","15.2","12.1","9.4","6.8","11.8","12.7","13.7","15.8","18.1","21.1","24.6","25.2","22.9","18.8","15.1","12.8",1,442
2324,66687,"-1.188","44.631","20.7","76.5","71.4","53.2","59.3","69.0","53.9","24.3","28.1","69.4","81.6","78.2","74.0","6.0","6.4","7.4","9.0","10.9","14.6","16.9","17.3","14.9","11.7","9.1","6.5","11.5","12.5","13.8","16.1","18.5","21.4","24.9","25.6","23.1","18.8","14.9","12.5",1,442
2324,66730,"-1.188","45.09","11.8","76.3","70.5","52.4","57.9","66.8","54.7","25.3","28.5","68.1","80.2","78.3","73.4","6.6","6.9","7.8","9.2","10.9","14.6","16.9","17.4","15.2","12.2","9.6","7.0","11.7","12.6","13.5","15.5","17.9","20.8","24.1","24.8","22.6","18.6","15.1","12.8",1,442
2324,67920,"-1.17","45.207","13.2","76.2","70.3","52.2","57.5","66.3","54.9","25.6","28.6","67.9","79.9","78.3","73.2","6.4","6.8","7.7","9.1","10.8","14.5","16.8","17.3","15.1","12.0","9.5","6.9","11.6","12.4","13.4","15.5","17.8","20.7","24.1","24.7","22.5","18.5","15.0","12.7",1,442
2324,67922,"-1.17","45.225","11.8","76.2","70.2","52.1","57.5","66.2","54.9","25.6","28.6","67.8","79.9","78.4","73.2","6.8","7.1","7.9","9.3","10.9","14.6","17.0","17.4","15.3","12.4","9.8","7.2","11.9","12.6","13.4","15.3","17.6","20.6","23.9","24.4","22.4","18.6","15.2","13.0",1,442
2324,68539,"-1.161","45.765","15.5","75.9","69.3","51.4","56.3","64.2","56.5","27.4","29.6","66.5","78.5","78.6","72.7","5.3","5.6","6.9","8.4","10.2","14.0","16.0","16.4","14.0","10.9","8.4","5.8","10.4","11.5","13.1","15.5","18.1","20.9","24.0","24.9","22.4","17.8","13.9","11.4",1,442
2324,68542,"-1.161","45.792","14.1","75.9","69.1","51.2","56.0","63.8","56.2","27.2","29.4","66.4","78.4","78.6","72.5","6.1","6.4","7.4","8.8","10.5","14.2","16.4","16.8","14.6","11.6","9.2","6.6","11.0","11.8","13.0","15.1","17.6","20.4","23.6","24.3","22.1","18.0","14.4","12.1",1,442
2324,69728,"-1.143","45.072","27.9","76.2","70.6","52.6","58.3","67.5","55.2","25.8","29.0","68.3","80.4","78.3","73.5","5.1","5.6","6.8","8.5","10.4","14.2","16.3","16.7","14.1","10.8","8.3","5.7","10.6","11.8","13.6","16.0","18.6","21.5","24.8","25.6","23.0","18.3","14.1","11.5",NULL,NULL
2324,69790,"-1.143","45.792","0.3","75.8","69.0","51.1","55.8","63.4","55.9","26.9","29.1","66.2","78.2","78.4","72.3","6.5","6.8","7.7","9.0","10.7","14.4","16.6","17.0","14.9","12.0","9.5","6.9","11.3","12.1","13.0","15.1","17.5","20.3","23.5","24.2","22.0","18.1","14.7","12.5",7,120
2324,70412,"-1.134","45.666","14.7","76.1","69.5","51.5","56.4","64.4","56.1","26.9","29.3","66.9","78.9","78.6","72.7","6.2","6.5","7.5","8.9","10.6","14.3","16.5","16.9","14.7","11.7","9.3","6.7","11.2","12.0","13.1","15.2","17.6","20.5","23.7","24.4","22.1","18.1","14.5","12.3",1,442
2324,71052,"-1.125","45.657","18.6","76.1","69.5","51.5","56.4","64.5","56.0","26.9","29.3","67.0","79.0","78.6","72.7","6.6","6.9","7.8","9.1","10.7","14.4","16.7","17.1","15.1","12.1","9.7","7.1","11.5","12.2","13.0","15.0","17.4","20.2","23.4","24.0","22.0","18.2","14.8","12.7",1,442
2324,71053,"-1.125","45.666","22.3","76.1","69.6","51.6","56.5","64.6","56.2","27.1","29.4","67.0","79.0","78.7","72.8","5.9","6.2","7.3","8.7","10.5","14.2","16.3","16.8","14.5","11.5","9.0","6.4","10.9","11.8","13.1","15.2","17.7","20.6","23.8","24.5","22.2","18.0","14.3","12.0",1,442
2324,71695,"-1.116","45.657","20.8","76.1","69.5","51.5","56.4","64.6","56.1","27.0","29.4","67.0","79.0","78.6","72.7","6.1","6.4","7.4","8.8","10.5","14.3","16.4","16.8","14.6","11.6","9.2","6.6","11.1","11.9","13.1","15.2","17.7","20.5","23.7","24.4","22.2","18.1","14.4","12.1",1,442
2324,73673,"-1.089","45.549","23.7","75.5","69.0","51.2","56.2","64.5","55.2","26.3","28.9","66.9","78.7","78.1","72.2","6.1","6.5","7.4","8.9","10.6","14.3","16.5","16.9","14.7","11.7","9.2","6.6","11.1","12.0","13.1","15.2","17.7","20.5","23.8","24.5","22.2","18.1","14.5","12.2",1,442
2324,74349,"-1.08","45.558","6.4","75.5","68.9","51.1","56.0","64.1","54.9","26.0","28.6","66.6","78.5","78.0","72.1","6.4","6.8","7.7","9.1","10.7","14.5","16.7","17.1","15.0","12.0","9.5","6.9","11.4","12.2","13.2","15.2","17.7","20.5","23.8","24.4","22.2","18.3","14.8","12.5",1,442
2324,74350,"-1.08","45.639","10.5","75.8","69.3","51.2","56.1","64.1","55.5","26.6","29.0","66.8","78.8","78.4","72.3","6.9","7.2","8.0","9.3","10.9","14.6","16.9","17.3","15.3","12.5","10.0","7.4","11.8","12.4","13.0","14.9","17.3","20.1","23.4","23.9","21.9","18.3","15.1","13.0",1,442
2324,74360,"-1.08","45.729","25.5","75.8","69.4","51.7","56.8","64.9","56.9","27.9","30.1","66.7","78.7","78.5","72.8","4.6","5.0","6.5","8.0","10.0","13.8","15.8","16.1","13.5","10.3","7.8","5.2","9.9","11.1","13.1","15.7","18.4","21.2","24.3","25.3","22.6","17.7","13.4","10.7",5,220
2324,75031,"-1.071","45.567","10.0","75.5","68.9","51.0","55.9","64.0","54.9","26.0","28.6","66.7","78.5","78.0","72.0","7.1","7.4","8.1","9.4","11.0","14.7","17.0","17.4","15.5","12.7","10.2","7.6","12.0","12.6","13.0","14.9","17.2","20.1","23.4","23.8","21.9","18.4","15.3","13.2",NULL,NULL
2324,75032,"-1.071","45.639","20.6","75.8","69.2","51.3","56.1","64.3","55.6","26.7","29.1","66.9","78.9","78.4","72.3","6.4","6.7","7.6","9.0","10.6","14.4","16.6","17.0","14.9","11.9","9.4","6.8","11.3","12.1","13.0","15.1","17.5","20.4","23.6","24.2","22.1","18.1","14.7","12.4",1,442
2324,75724,"-1.062","45.675","21.6","75.9","69.4","51.5","56.5","64.7","56.3","27.3","29.6","66.9","78.9","78.5","72.6","5.1","5.5","6.8","8.3","10.2","14.0","16.0","16.4","13.9","10.8","8.3","5.7","10.3","11.4","13.1","15.6","18.2","21.0","24.2","25.1","22.5","17.9","13.8","11.2",5,218
2324,76412,"-1.053","45.693","28.6","75.9","69.4","51.6","56.7","64.9","56.6","27.6","29.9","66.9","79.0","78.6","72.7","4.9","5.2","6.6","8.2","10.1","13.9","15.9","16.2","13.7","10.5","8.0","5.4","10.1","11.2","13.1","15.6","18.3","21.1","24.2","25.2","22.5","17.8","13.6","11.0",5,218
2324,77097,"-1.044","45.63","14.4","75.7","69.1","51.2","56.0","64.1","55.4","26.5","29.0","66.8","78.8","78.3","72.2","6.1","6.4","7.5","8.9","10.6","14.3","16.5","16.9","14.7","11.7","9.2","6.6","11.1","12.0","13.1","15.2","17.7","20.6","23.8","24.5","22.2","18.1","14.5","12.2",5,220
2324,81268,"-0.99","45.63","26.4","75.6","68.9","51.1","56.0","64.3","55.5","26.8","29.1","66.8","78.8","78.2","72.1","5.3","5.7","6.9","8.4","10.3","14.1","16.2","16.5","14.1","11.0","8.5","5.9","10.5","11.5","13.1","15.5","18.1","20.9","24.1","24.9","22.4","17.9","13.9","11.4",5,220
2324,81297,"-0.99","45.891","9.6","75.4","68.6","51.0","55.8","63.5","56.6","27.8","29.8","66.0","77.9","78.2","72.1","4.6","5.0","6.5","8.1","10.0","13.8","15.8","16.1","13.5","10.3","7.9","5.2","9.8","11.1","13.1","15.7","18.5","21.2","24.3","25.3","22.5","17.7","13.4","10.7",5,219
2324,82667,"-0.972","45.585","23.9","75.6","69.0","51.1","56.0","64.3","55.3","26.5","28.9","67.0","79.0","78.2","72.0","5.8","6.1","7.2","8.7","10.5","14.2","16.4","16.8","14.5","11.4","8.9","6.3","10.8","11.8","13.1","15.3","17.9","20.7","24.0","24.7","22.3","18.0","14.3","11.9",5,220
2324,84092,"-0.954","45.756","5.7","75.7","69.4","51.7","56.9","64.9","57.2","28.2","30.3","66.4","78.6","78.4","72.8","4.4","4.8","6.3","8.0","10.0","13.8","15.7","16.1","13.4","10.0","7.6","5.0","9.7","11.0","13.3","16.0","18.8","21.5","24.6","25.7","22.8","17.7","13.3","10.5",4,330
2324,87618,"-0.909","45.882","15.8","75.3","68.7","51.3","56.4","64.3","57.3","28.6","30.5","66.0","78.0","78.2","72.3","4.2","4.6","6.2","7.8","9.9","13.7","15.6","15.9","13.2","9.9","7.5","4.8","9.5","10.8","13.1","15.8","18.7","21.4","24.5","25.6","22.6","17.6","13.1","10.3",5,219
2324,92486,"-0.846","45.657","19.7","75.3","68.9","51.3","56.4","64.7","56.2","27.5","29.8","66.6","78.7","78.0","72.1","4.4","4.8","6.4","8.0","10.0","13.8","15.8","16.1","13.5","10.1","7.6","5.0","9.7","11.1","13.2","15.9","18.7","21.5","24.6","25.6","22.8","17.7","13.3","10.5",4,330
2324,93831,"-0.828","45.072","45.3","75.1","69.3","52.0","57.6","67.1","54.6","25.9","29.0","67.9","79.9","77.4","72.3","4.5","4.9","6.3","8.1","10.2","14.0","16.0","16.3","13.6","10.3","7.7","5.0","10.0","11.4","13.5","16.1","18.9","21.7","25.1","26.0","23.1","18.0","13.5","10.8",5,230
2324,97375,"-0.783","45.774","22.8","75.1","69.0","51.8","57.2","65.6","57.9","29.1","31.1","66.3","78.5","78.0","72.6","3.9","4.4","6.0","7.7","9.8","13.7","15.5","15.8","13.1","9.7","7.2","4.6","9.3","10.7","13.2","16.0","18.9","21.6","24.7","25.8","22.8","17.6","12.9","10.0",4,510
2324,97382,"-0.783","45.837","12.1","75.2","69.2","51.9","57.5","65.7","58.5","29.6","31.5","66.1","78.3","78.1","72.9","3.9","4.3","6.0","7.7","9.8","13.7","15.5","15.8","13.0","9.6","7.1","4.5","9.3","10.7","13.2","16.0","19.0","21.7","24.8","25.9","22.8","17.6","12.9","10.0",5,210
2324,98075,"-0.774","45.837","23.5","75.2","69.2","52.0","57.7","66.0","58.7","29.9","31.8","66.2","78.5","78.2","73.0","3.8","4.2","5.9","7.6","9.8","13.6","15.5","15.8","13.0","9.5","7.1","4.4","9.2","10.6","13.2","16.0","18.9","21.6","24.7","25.8","22.8","17.5","12.8","9.9",5,210
2324,100840,"-0.738","45.9","24.1","75.3","69.2","52.1","57.7","65.9","59.1","30.3","32.0","66.1","78.4","78.3","73.0","3.8","4.2","5.9","7.6","9.7","13.6","15.4","15.7","12.9","9.5","7.0","4.4","9.1","10.5","13.1","15.9","18.9","21.6","24.7","25.8","22.7","17.4","12.7","9.8",4,212
2324,104332,"-0.693","45.882","2.8","75.4","69.6","52.3","58.1","66.3","59.5","30.6","32.2","66.1","78.5","78.3","73.3","3.8","4.2","6.0","7.7","9.8","13.7","15.5","15.8","13.0","9.5","7.0","4.4","9.2","10.6","13.3","16.2","19.1","21.8","24.9","26.0","22.9","17.6","12.8","9.9",4,212
2324,104333,"-0.693","45.891","33.7","75.4","69.6","52.4","58.3","66.7","59.9","31.1","32.6","66.4","78.8","78.5","73.4","3.6","4.1","5.8","7.5","9.7","13.5","15.4","15.7","12.8","9.4","6.9","4.3","9.0","10.4","13.1","15.9","18.9","21.6","24.7","25.8","22.7","17.4","12.6","9.7",4,212
2324,105038,"-0.684","45.891","31.3","75.5","69.7","52.5","58.4","66.8","60.0","31.1","32.7","66.4","78.9","78.5","73.5","3.6","4.0","5.8","7.5","9.7","13.5","15.4","15.7","12.8","9.4","6.9","4.3","9.0","10.5","13.1","16.0","18.9","21.6","24.7","25.8","22.7","17.4","12.6","9.7",4,212
2324,106456,"-0.666","45.891","27.3","75.4","69.7","52.5","58.4","66.9","60.0","31.2","32.8","66.4","78.8","78.4","73.5","3.6","4.0","5.8","7.5","9.7","13.5","15.4","15.7","12.8","9.4","6.9","4.3","9.0","10.5","13.1","16.0","19.0","21.7","24.7","25.9","22.8","17.4","12.7","9.7",4,212
2324,110034,"-0.621","45.792","41.0","75.5","69.7","52.5","58.3","67.0","59.5","30.8","32.4","66.9","79.4","78.4","73.3","3.7","4.1","5.8","7.5","9.7","13.5","15.4","15.7","12.9","9.4","6.9","4.3","9.1","10.5","13.1","15.9","18.9","21.6","24.7","25.8","22.8","17.4","12.7","9.8",4,510
2324,127435,"-0.405","45.684","5.3","75.3","69.9","52.6","58.5","67.3","59.2","30.6","32.2","66.8","79.5","78.1","73.2","3.7","4.1","5.9","7.7","10.0","13.7","15.7","16.0","13.1","9.5","6.9","4.3","9.2","10.7","13.5","16.4","19.4","22.1","25.1","26.3","23.1","17.7","12.9","9.9",5,220
2324,134661,"-0.315","45.72","20.0","74.3","68.8","52.2","58.4","67.3","59.3","30.9","32.7","66.1","78.5","77.3","72.6","3.5","3.9","5.7","7.6","9.8","13.7","15.5","15.8","12.8","9.3","6.8","4.1","9.0","10.5","13.3","16.3","19.3","22.0","25.2","26.3","23.0","17.6","12.6","9.6",5,217
2324,136094,"-0.297","45.693","19.6","74.1","68.6","52.1","58.2","67.1","59.0","30.7","32.5","66.0","78.4","77.1","72.4","3.5","3.9","5.7","7.6","9.9","13.7","15.6","15.8","12.9","9.3","6.8","4.1","9.0","10.5","13.3","16.3","19.4","22.1","25.2","26.3","23.1","17.6","12.7","9.6",5,217
2324,137529,"-0.279","45.684","19.3","74.0","68.6","52.1","58.3","67.2","58.9","30.7","32.5","66.0","78.4","77.1","72.4","3.5","3.9","5.7","7.6","9.9","13.7","15.6","15.8","12.8","9.3","6.8","4.1","9.0","10.5","13.3","16.3","19.4","22.1","25.2","26.3","23.1","17.6","12.7","9.6",5,217
2324,138965,"-0.261","45.684","30.1","74.0","68.5","52.2","58.4","67.4","59.1","30.9","32.8","66.1","78.5","77.0","72.4","3.4","3.9","5.7","7.5","9.8","13.6","15.5","15.8","12.8","9.3","6.7","4.1","8.9","10.5","13.2","16.2","19.3","22.0","25.2","26.3","23.0","17.5","12.6","9.5",5,217
2324,138966,"-0.261","45.693","24.8","74.0","68.6","52.2","58.4","67.4","59.2","31.0","32.8","66.0","78.4","77.1","72.4","3.4","3.9","5.7","7.5","9.8","13.6","15.5","15.8","12.8","9.3","6.7","4.1","8.9","10.5","13.3","16.3","19.4","22.1","25.2","26.3","23.1","17.5","12.6","9.6",5,217
2324,149781,"-0.126","45.63","81.6","75.4","70.5","53.9","60.7","70.7","62.1","33.7","35.0","67.9","80.9","78.4","74.2","3.1","3.6","5.4","7.3","9.6","13.4","15.3","15.6","12.6","9.0","6.4","3.8","8.7","10.2","13.0","16.0","19.1","21.8","25.0","26.1","22.8","17.3","12.3","9.3",4,910
2324,150508,"-0.117","45.621","82.4","75.4","70.6","53.9","60.8","70.8","62.1","33.7","35.0","68.0","81.0","78.3","74.2","3.1","3.6","5.4","7.3","9.6","13.4","15.3","15.6","12.6","9.0","6.4","3.8","8.7","10.2","13.0","16.0","19.1","21.8","25.0","26.1","22.8","17.3","12.3","9.3",4,212
2324,151261,"-0.108","45.837","119.5","74.4","69.4","53.7","60.7","70.8","63.2","35.1","36.2","67.1","79.8","77.9","73.8","2.8","3.2","5.1","6.9","9.3","13.1","15.0","15.2","12.2","8.7","6.1","3.5","8.2","9.7","12.5","15.6","18.8","21.5","24.6","25.7","22.5","16.8","11.8","8.8",5,210
2324,151967,"-0.099","45.612","96.4","75.2","70.4","53.9","60.8","71.0","62.2","33.9","35.2","68.0","80.9","78.2","74.1","3.0","3.5","5.3","7.2","9.5","13.3","15.3","15.5","12.5","9.0","6.3","3.7","8.6","10.1","12.9","15.9","19.0","21.8","24.9","26.0","22.8","17.2","12.2","9.2",4,212
2324,151968,"-0.099","45.621","72.2","74.9","70.0","53.6","60.5","70.4","61.6","33.3","34.7","67.5","80.4","77.9","73.8","3.1","3.6","5.4","7.3","9.6","13.4","15.4","15.6","12.6","9.1","6.4","3.8","8.7","10.2","13.1","16.1","19.2","21.9","25.1","26.2","22.9","17.3","12.4","9.3",4,910
2324,164467,"0.054","45.567","101.0","74.8","70.3","54.2","61.6","72.1","62.9","34.7","36.0","67.9","80.9","77.9","74.3","2.9","3.4","5.2","7.1","9.5","13.3","15.3","15.5","12.5","8.9","6.2","3.6","8.5","10.0","12.9","16.0","19.1","21.9","25.0","26.1","22.8","17.2","12.2","9.1",4,212
2324,165945,"0.072","45.558","127.7","74.8","70.3","54.4","61.9","72.7","63.4","35.2","36.5","68.3","81.2","78.0","74.4","2.8","3.2","5.1","7.0","9.4","13.2","15.1","15.4","12.3","8.8","6.1","3.5","8.3","9.9","12.7","15.8","19.0","21.7","24.9","26.0","22.7","17.0","12.0","8.9",4,212
2324,166687,"0.081","45.558","124.8","74.7","70.2","54.4","61.9","72.6","63.3","35.2","36.4","68.2","81.1","77.9","74.3","2.8","3.2","5.1","7.0","9.4","13.2","15.2","15.4","12.4","8.8","6.1","3.5","8.3","9.9","12.7","15.8","19.0","21.7","24.9","26.0","22.7","17.1","12.0","8.9",4,212
2324,170446,"0.126","45.621","99.7","74.4","70.0","54.3","61.9","72.3","63.5","35.4","36.6","67.5","80.5","77.7","74.2","2.8","3.3","5.2","7.1","9.5","13.3","15.2","15.4","12.4","8.8","6.1","3.5","8.4","10.0","12.9","16.0","19.2","21.9","25.1","26.2","22.8","17.1","12.1","9.0",NULL,NULL
2324,171201,"0.135","45.612","58.8","74.4","70.2","54.2","61.7","71.8","63.1","34.9","36.1","67.1","80.2","77.5","74.2","3.0","3.5","5.4","7.3","9.7","13.5","15.4","15.6","12.6","9.0","6.3","3.7","8.6","10.2","13.2","16.3","19.4","22.2","25.3","26.4","23.1","17.4","12.3","9.2",NULL,NULL
2324,172721,"0.153","45.612","99.0","74.5","70.2","54.5","62.1","72.6","63.8","35.7","36.8","67.6","80.7","77.7","74.4","2.8","3.3","5.2","7.1","9.5","13.3","15.2","15.4","12.4","8.8","6.1","3.5","8.4","10.0","12.9","16.0","19.2","21.9","25.1","26.2","22.8","17.2","12.1","9.0",NULL,NULL
2324,172722,"0.153","45.621","96.0","74.6","70.4","54.6","62.2","72.7","64.0","35.8","36.9","67.7","80.8","77.8","74.6","2.8","3.3","5.2","7.1","9.5","13.3","15.2","15.5","12.4","8.8","6.1","3.5","8.4","10.0","12.9","16.0","19.2","21.9","25.1","26.2","22.8","17.2","12.1","9.0",NULL,NULL
2324,172723,"0.153","45.63","100.6","74.7","70.4","54.6","62.3","72.8","64.2","35.9","37.0","67.7","80.9","77.9","74.6","2.8","3.3","5.2","7.1","9.5","13.3","15.2","15.4","12.4","8.8","6.1","3.5","8.4","9.9","12.9","16.0","19.2","21.9","25.0","26.1","22.8","17.1","12.1","8.9",NULL,NULL
2324,177336,"0.207","45.657","74.3","74.6","70.6","54.7","62.5","72.8","64.5","36.2","37.2","67.4","80.6","77.8","74.8","2.8","3.3","5.2","7.2","9.6","13.4","15.3","15.5","12.5","8.9","6.2","3.5","8.4","10.0","13.1","16.2","19.4","22.1","25.2","26.3","23.0","17.3","12.2","9.0",4,212
2324,206856,"0.549","42.966","995.8","90.6","94.9","78.1","96.3","122.7","95.3","63.9","62.7","94.8","113.1","92.1","98.7","-0.4","0.1","1.4","3.9","6.5","10.1","12.8","13.0","10.2","6.3","2.8","0.4","5.9","7.0","9.4","12.1","15.1","18.3","22.3","22.9","19.8","14.2","9.4","6.3",6,213
2324,213217,"0.621","42.984","742.1","85.9","89.6","73.7","90.7","114.1","87.4","56.4","56.7","88.6","105.7","87.5","93.6","0.6","1.1","2.5","5.0","7.7","11.3","13.9","14.1","11.2","7.2","3.8","1.3","7.0","8.3","10.9","13.8","16.8","20.0","23.9","24.6","21.3","15.6","10.5","7.4",6,213
2324,214810,"0.639","42.984","497.7","84.3","88.4","71.8","87.9","108.9","83.2","51.7","52.8","84.8","101.9","85.5","91.9","1.6","2.2","3.7","6.2","9.0","12.4","15.1","15.3","12.2","8.2","4.7","2.3","8.2","9.7","12.6","15.5","18.5","21.6","25.3","26.2","22.8","17.1","11.9","8.5",6,110
2324,215606,"0.648","42.975","461.2","87.7","92.6","74.1","90.4","111.5","86.3","53.9","54.3","87.1","105.4","88.1","95.1","1.8","2.4","3.9","6.5","9.2","12.5","15.3","15.6","12.6","8.4","4.8","2.5","8.5","10.0","13.1","15.8","18.7","22.0","25.4","26.4","23.0","17.4","12.4","8.9",6,110
2324,217183,"0.666","42.912","664.5","95.1","101.1","79.8","97.3","121.3","95.7","62.2","60.5","95.2","115.6","94.7","102.1","1.1","1.7","3.1","5.7","8.5","11.6","14.6","14.9","12.1","7.7","3.9","1.8","7.9","9.0","12.1","14.6","17.4","20.7","24.0","25.0","21.8","16.5","11.7","8.2",1,730
2324,219526,"0.693","42.912","505.1","94.7","100.9","78.9","95.9","118.3","93.4","59.5","58.2","93.2","113.8","93.9","101.5","1.8","2.4","3.9","6.4","9.3","12.3","15.3","15.7","12.8","8.3","4.5","2.5","8.7","9.9","13.3","15.7","18.4","21.8","24.9","26.0","22.7","17.5","12.6","9.1",1,711
2324,230680,"0.819","44.883","47.1","73.5","71.7","56.7","66.2","78.2","65.1","36.8","38.6","68.4","82.1","76.3","75.7","2.9","3.4","5.4","7.6","10.2","13.9","16.0","16.2","12.9","9.1","6.2","3.6","8.9","10.7","13.8","17.1","20.3","23.1","26.4","27.5","23.9","18.1","12.7","9.4",4,630
2324,232966,"0.846","44.28","104.6","73.6","73.1","58.8","69.9","83.6","66.4","37.8","40.2","70.2","84.1","76.2","77.4","2.7","3.3","5.2","7.5","10.2","13.9","16.1","16.2","13.0","9.1","6.1","3.4","8.9","10.8","13.8","17.1","20.3","23.2","26.7","27.7","24.1","18.2","12.7","9.4",6,630
2324,243231,"0.963","44.424","218.1","72.8","71.7","58.5","69.8","84.3","67.4","39.6","41.7","70.5","84.1","76.0","76.7","2.2","2.7","4.6","6.8","9.5","13.3","15.5","15.6","12.3","8.6","5.6","2.9","8.2","10.0","12.9","16.3","19.5","22.4","26.0","26.9","23.3","17.3","11.9","8.7",4,212
2324,254371,"1.089","44.802","197.8","74.2","73.1","59.0","70.0","84.1","70.0","42.0","43.1","70.8","84.9","77.4","77.8","2.1","2.7","4.6","6.8","9.5","13.3","15.4","15.5","12.3","8.5","5.5","2.9","8.1","9.8","12.9","16.2","19.5","22.3","25.7","26.7","23.1","17.2","11.9","8.6",4,332
2324,273162,"1.296","47.331","77.3","71.2","68.8","56.8","67.2","76.7","79.7","52.0","49.8","61.9","75.7","77.0","76.7","1.7","2.0","4.4","6.3","8.8","12.7","14.4","14.5","11.2","7.7","5.2","2.4","6.7","8.3","11.8","15.3","19.0","21.4","24.2","25.4","21.9","15.9","10.5","7.3",6,110
2324,277755,"1.35","44.766","191.1","71.6","70.8","58.4","70.0","84.2","69.7","42.2","43.7","68.9","82.6","75.3","76.4","2.0","2.6","4.5","6.8","9.5","13.3","15.4","15.5","12.2","8.5","5.5","2.7","8.0","9.8","12.8","16.3","19.7","22.5","26.0","26.9","23.3","17.2","11.7","8.4",4,332
2324,281712,"1.395","43.515","149.8","70.5","70.4","57.8","69.4","84.9","62.1","34.8","38.5","70.4","83.8","73.1","74.7","2.6","3.3","5.0","7.5","10.3","14.1","16.4","16.5","13.1","9.2","6.0","3.2","9.0","11.0","13.9","17.4","20.7","23.6","27.5","28.3","24.5","18.4","12.8","9.4",6,110
2324,282536,"1.404","43.515","150.0","71.0","70.9","58.0","69.7","85.2","62.5","35.1","38.7","70.8","84.3","73.5","75.1","2.6","3.3","5.0","7.5","10.4","14.1","16.4","16.5","13.1","9.2","6.0","3.3","9.1","11.0","13.9","17.4","20.7","23.6","27.5","28.3","24.5","18.4","12.8","9.5",6,110
2324,283361,"1.413","43.515","150.1","71.3","71.3","58.2","69.9","85.4","62.7","35.3","38.8","71.0","84.7","73.7","75.3","2.6","3.3","5.0","7.5","10.4","14.1","16.4","16.5","13.1","9.2","6.0","3.3","9.1","11.0","14.0","17.4","20.7","23.6","27.4","28.3","24.5","18.5","12.8","9.5",6,630
2324,283362,"1.413","43.524","142.6","71.2","71.3","58.1","69.8","85.2","62.6","35.2","38.7","70.9","84.5","73.7","75.3","2.6","3.3","5.1","7.6","10.4","14.1","16.5","16.6","13.2","9.3","6.0","3.3","9.1","11.1","14.0","17.5","20.7","23.7","27.5","28.3","24.5","18.5","12.9","9.5",6,630
2324,288530,"1.467","45.099","180.2","73.5","73.1","59.8","71.6","85.6","73.7","45.7","46.1","69.7","84.2","77.1","78.5","2.0","2.5","4.5","6.8","9.5","13.2","15.4","15.5","12.2","8.4","5.4","2.7","7.9","9.6","12.8","16.2","19.6","22.4","25.7","26.7","23.0","17.1","11.7","8.3",4,452
2324,289363,"1.476","45.09","149.8","72.8","72.4","59.3","70.9","84.6","72.7","44.8","45.4","68.9","83.2","76.5","77.8","2.1","2.6","4.6","6.9","9.7","13.4","15.5","15.6","12.3","8.5","5.5","2.8","8.0","9.8","13.0","16.4","19.8","22.6","25.9","26.9","23.2","17.3","11.8","8.5",4,452
2324,290193,"1.485","45.063","301.7","72.4","71.5","59.5","71.6","86.7","73.8","46.5","47.0","70.2","84.1","76.6","77.6","1.5","2.0","3.9","6.2","8.9","12.7","14.8","14.8","11.6","7.9","4.9","2.2","7.2","8.9","11.9","15.4","18.8","21.6","25.1","26.0","22.4","16.3","10.9","7.7",6,212
2324,290196,"1.485","45.09","308.5","72.9","72.2","59.9","72.0","87.2","74.5","47.2","47.5","70.6","84.8","77.1","78.1","1.4","1.9","3.9","6.1","8.8","12.7","14.7","14.8","11.6","7.9","4.9","2.2","7.2","8.8","11.8","15.3","18.7","21.5","25.0","25.9","22.3","16.3","10.9","7.6",4,452
2324,343152,"2.007","42.795","1037.0","90.1","90.6","71.1","84.4","111.4","81.8","54.4","52.7","97.4","116.1","90.7","89.7","-0.3","0.2","1.4","4.1","6.9","10.3","13.3","13.5","10.7","6.8","2.8","0.5","6.0","7.0","9.3","12.0","15.1","18.4","22.3","22.7","19.7","14.3","9.6","6.5",1,730
2324,349948,"2.07","43.443","487.9","79.8","78.6","61.3","71.6","91.2","67.1","40.7","41.4","82.4","98.5","81.1","78.8","1.6","2.2","3.7","6.3","9.2","12.7","15.4","15.5","12.4","8.4","4.8","2.3","8.0","9.4","12.2","15.2","18.4","21.6","25.3","25.9","22.5","16.9","11.7","8.4",4,741
2324,360403,"2.169","42.777","750.1","86.4","86.1","66.4","77.7","101.5","72.5","45.6","45.3","91.8","109.7","86.6","84.3","0.9","1.5","2.8","5.5","8.4","11.7","14.7","14.9","12.0","8.0","4.0","1.7","7.5","8.6","11.1","14.0","17.0","20.3","24.1","24.6","21.4","16.0","11.2","7.9",1,730
2324,361356,"2.178","42.759","1049.8","87.2","86.3","67.9","80.1","106.7","76.3","50.3","49.3","95.6","113.3","88.1","85.4","-0.3","0.2","1.4","4.1","6.9","10.4","13.3","13.4","10.7","6.8","2.9","0.5","6.0","7.0","9.0","11.9","15.0","18.2","22.4","22.7","19.7","14.2","9.5","6.4",1,730
2324,365180,"2.214","42.768","534.2","86.3","86.4","65.3","75.9","97.6","69.6","42.1","42.2","89.6","107.8","85.8","83.7","1.9","2.5","3.9","6.6","9.5","12.7","15.8","16.0","13.0","8.8","4.9","2.6","8.6","9.9","12.7","15.5","18.4","21.8","25.3","26.0","22.7","17.4","12.5","9.1",1,711
2324,366135,"2.223","42.759","695.1","86.4","86.1","65.9","76.9","100.1","71.2","44.3","44.1","91.5","109.5","86.4","83.9","1.2","1.8","3.1","5.8","8.7","12.0","15.1","15.2","12.3","8.2","4.3","1.9","7.8","9.0","11.6","14.3","17.4","20.7","24.4","24.9","21.7","16.4","11.5","8.3",1,730
2324,367103,"2.232","42.858","466.3","81.5","80.4","61.4","71.2","91.5","63.7","37.3","38.5","85.0","101.7","81.7","78.8","2.0","2.7","4.1","6.8","9.7","13.1","16.0","16.1","13.1","9.0","5.2","2.7","8.7","10.1","12.8","15.8","18.9","22.1","25.8","26.4","23.0","17.6","12.5","9.1",6,231
2324,368058,"2.241","42.849","565.9","81.6","80.3","61.7","71.7","93.0","64.6","38.6","39.7","86.2","102.7","82.1","78.9","1.6","2.3","3.6","6.3","9.2","12.6","15.5","15.6","12.6","8.6","4.8","2.3","8.2","9.6","12.1","15.1","18.2","21.4","25.3","25.8","22.4","17.0","11.9","8.6",6,231
2324,368099,"2.241","43.218","158.5","69.8","66.4","51.5","59.0","74.5","48.9","24.6","28.7","72.0","85.2","71.5","66.9","3.0","3.7","5.3","7.9","10.8","14.5","17.0","17.1","13.7","9.8","6.4","3.6","9.5","11.4","14.1","17.5","20.8","23.8","27.7","28.3","24.6","18.8","13.2","10.0",4,112
2324,369012,"2.25","42.831","945.4","82.7","80.7","63.8","74.8","99.8","69.6","44.7","44.8","91.1","107.4","84.2","80.3","0.1","0.6","1.8","4.5","7.3","10.9","13.7","13.8","10.9","7.2","3.4","0.8","6.3","7.4","9.5","12.5","15.7","18.8","23.1","23.3","20.2","14.7","9.8","6.8",6,231
2324,369013,"2.25","42.84","1013.7","81.9","79.5","63.4","74.5","100.0","69.5","45.0","45.2","91.2","107.1","83.7","79.6","-0.2","0.3","1.5","4.2","6.9","10.6","13.4","13.4","10.6","6.9","3.2","0.5","5.9","7.0","8.9","12.0","15.2","18.3","22.7","22.9","19.8","14.2","9.3","6.4",6,231
2324,369961,"2.259","42.768","1147.4","89.0","87.9","69.0","81.2","108.9","78.3","52.4","50.7","98.2","116.3","89.8","86.6","-0.6","-0.1","1.0","3.7","6.5","10.0","12.9","13.0","10.4","6.5","2.6","0.2","5.6","6.4","8.4","11.2","14.3","17.6","21.8","22.0","19.1","13.7","9.0","6.0",1,711
2324,369967,"2.259","42.822","754.2","86.3","85.5","65.7","76.6","100.2","71.4","44.9","44.5","91.8","109.7","86.5","83.5","1.0","1.5","2.8","5.5","8.4","11.7","14.8","14.9","12.0","8.0","4.1","1.7","7.5","8.6","11.1","13.9","16.9","20.2","24.0","24.5","21.3","16.0","11.2","7.9",6,231
2324,369968,"2.259","42.831","930.0","82.7","80.6","63.6","74.6","99.4","69.3","44.3","44.5","90.9","107.2","84.1","80.2","0.2","0.7","1.9","4.6","7.4","11.0","13.8","13.9","11.0","7.3","3.5","0.9","6.4","7.5","9.6","12.6","15.8","18.9","23.2","23.4","20.3","14.8","9.9","6.8",6,231
2324,370920,"2.268","42.795","905.8","88.0","87.3","67.4","78.8","104.2","74.7","48.3","47.2","94.9","113.1","88.3","85.3","0.4","0.9","2.1","4.8","7.7","11.0","14.1","14.2","11.4","7.5","3.5","1.1","6.8","7.8","10.1","12.9","15.9","19.2","23.1","23.5","20.4","15.1","10.4","7.2",1,711
2324,371871,"2.277","42.75","1127.0","86.5","84.8","67.0","78.8","106.1","75.0","49.8","48.8","96.1","113.4","87.7","84.0","-0.5","-0.1","1.0","3.8","6.5","10.1","13.0","13.1","10.4","6.6","2.7","0.2","5.6","6.5","8.4","11.3","14.5","17.7","22.0","22.2","19.2","13.8","9.0","6.1",1,711
2324,371876,"2.277","42.795","965.9","87.4","86.3","67.1","78.6","104.4","74.5","48.5","47.5","95.0","112.9","88.0","84.7","0.1","0.6","1.8","4.5","7.4","10.8","13.8","13.9","11.1","7.2","3.3","0.9","6.4","7.4","9.6","12.4","15.5","18.8","22.8","23.1","20.1","14.8","10.0","6.9",1,711
2324,371879,"2.277","42.822","850.0","84.3","82.8","64.4","75.2","99.6","70.0","44.4","44.3","91.4","108.4","85.1","81.5","0.6","1.1","2.3","5.0","7.9","11.3","14.3","14.4","11.5","7.6","3.8","1.3","6.9","8.0","10.3","13.2","16.3","19.5","23.6","23.9","20.8","15.3","10.5","7.3",6,231
2324,372830,"2.286","42.759","916.9","86.1","84.9","66.0","77.2","102.4","72.4","46.5","46.0","93.6","111.2","86.8","83.3","0.3","0.9","2.1","4.8","7.6","11.0","14.0","14.1","11.3","7.4","3.5","1.1","6.7","7.7","9.9","12.8","15.9","19.1","23.2","23.5","20.4","15.0","10.2","7.1",1,711
2324,372834,"2.286","42.795","900.8","86.7","85.6","66.3","77.5","102.6","73.0","46.9","46.2","93.8","111.6","87.2","83.9","0.4","0.9","2.1","4.9","7.7","11.1","14.1","14.2","11.4","7.5","3.5","1.1","6.7","7.8","10.1","12.9","16.0","19.2","23.2","23.6","20.5","15.1","10.4","7.2",1,711
2324,372838,"2.286","42.831","985.9","80.5","77.6","62.0","72.7","97.8","67.1","43.0","43.6","89.8","105.3","82.4","77.8","-0.1","0.4","1.6","4.3","7.0","10.8","13.5","13.5","10.7","7.0","3.3","0.6","6.0","7.2","9.0","12.2","15.4","18.5","23.0","23.1","20.0","14.3","9.4","6.5",6,231
2324,374756,"2.304","42.849","598.6","78.3","75.9","59.0","68.4","89.6","60.6","35.7","37.5","84.1","99.5","79.5","75.2","1.5","2.1","3.4","6.1","9.0","12.5","15.3","15.4","12.4","8.5","4.8","2.2","7.9","9.3","11.7","14.8","18.0","21.1","25.2","25.6","22.3","16.7","11.5","8.4",6,231
